[gd_scene load_steps=5 format=2]

[ext_resource path="res://platforms/Platform.tscn" type="PackedScene" id=1]
[ext_resource path="res://Player.tscn" type="PackedScene" id=2]
[ext_resource path="res://platforms/KillPlatform.tscn" type="PackedScene" id=3]
[ext_resource path="res://platforms/GoalPlatform.tscn" type="PackedScene" id=4]

[node name="World" type="Spatial"]

[node name="Platform" parent="." instance=ExtResource( 1 )]

[node name="GoalPlatform" parent="." instance=ExtResource( 4 )]
transform = Transform( 1, 0, 0, 0, 1, 0, 0, 0, 1, 41, 0, -50 )
next_level = "res://levels/Level7.tscn"

[node name="KillPlatform" parent="." instance=ExtResource( 3 )]
transform = Transform( 1, 0, 0, 0, 1, 0, 0, 0, 1, 0, 10, -25 )
mode = 1

[node name="KillPlatform2" parent="." instance=ExtResource( 3 )]
transform = Transform( 1, 0, 0, 0, 1, 0, 0, 0, 1, 41, 10, -25 )

[node name="Platform2" parent="." instance=ExtResource( 1 )]
transform = Transform( 1, 0, 0, 0, 0.707107, -0.707107, 0, 0.707107, 0.707107, 0, 5, -12.5 )

[node name="Platform7" parent="." instance=ExtResource( 1 )]
transform = Transform( 1, 0, 0, 0, 0.707107, 0.707107, 0, -0.707107, 0.707107, 41, 5, -37.5 )

[node name="Platform4" parent="." instance=ExtResource( 1 )]
transform = Transform( 0.906308, -0.422618, 0, 0.422618, 0.906308, 0, 0, 0, 1, 14, 13, -25 )

[node name="Platform5" parent="." instance=ExtResource( 1 )]
transform = Transform( 0.906308, 0.422618, 0, -0.422618, 0.906308, 0, 0, 0, 1, 27, 13, -25 )

[node name="Platform9" parent="." instance=ExtResource( 1 )]
transform = Transform( -4.37114e-08, 1, 4.37114e-08, 0, -4.37114e-08, 1, 1, 4.37114e-08, 1.91069e-15, 20.5, 8, -40.5 )

[node name="Platform10" parent="." instance=ExtResource( 1 )]
transform = Transform( -4.37114e-08, 1, 4.37114e-08, 0, -4.37114e-08, 1, 1, 4.37114e-08, 1.91069e-15, 20.5, 23, -40.5 )

[node name="Player" parent="." instance=ExtResource( 2 )]
transform = Transform( 1, 0, 0, 0, 1, 0, 0, 0, 1, 0, 0.841447, 0 )
